{
  "asset": {
    "version": "2.0",
    "generator": "THREE.GLTFExporter"
  },
  "scenes": [
    {
      "nodes": [
        0
      ]
    }
  ],
  "scene": 0,
  "nodes": [
    {
      "children": [
        123
      ],
      "matrix": [
        0.01,
        0,
        0,
        0,
        0,
        0.01,
        0,
        0,
        0,
        0,
        0.01,
        0,
        0,
        0,
        0,
        1
      ]
    },
    {
      "matrix": [
        0.9999999999999848,
        1.7439531998416902e-7,
        2.526507935542685e-9,
        0,
        -1.7441362009524675e-7,
        0.9998950763646188,
        0.01448572613860617,
        0,
        -3.9291079096268815e-24,
        -0.014485726138606393,
        0.999895076364634,
        0,
        -7.354237648145471e-21,
        218.67678876654261,
        2451.716453869568,
        1
      ],
      "name": "Camera 2",
      "camera": 0
    },
    {
      "matrix": [
        1,
        0,
        0,
        0,
        0,
        1,
        0,
        0,
        0,
        0,
        1,
        0,
        -595,
        579,
        -393,
        1
      ],
      "name": "Point Light",
      "extensions": {
        "KHR_lights_punctual": {
          "light": 0
        }
      }
    },
    {
      "matrix": [
        1,
        0,
        0,
        0,
        0,
        1,
        0,
        0,
        0,
        0,
        1,
        0,
        0,
        42.940032744981806,
        4.003509521484013,
        1
      ],
      "name": "Head 2",
      "mesh": 0
    },
    {
      "matrix": [
        1,
        0,
        0,
        0,
        0,
        1,
        0,
        0,
        0,
        0,
        1,
        0,
        0.18402451372125528,
        183.55380147910932,
        18.62184759741169,
        1
      ],
      "name": "Head",
      "children": [
        3
      ]
    },
    {
      "matrix": [
        1.25,
        0,
        0,
        0,
        0,
        1.2406826895516525,
        0.1523366792564344,
        0,
        0,
        -0.1523366792564344,
        1.2406826895516525,
        0,
        -8.881784197001252e-16,
        -13.239626152569823,
        -0.34720491085747096,
        1
      ],
      "name": "Cube",
      "mesh": 1
    },
    {
      "matrix": [
        1,
        0,
        0,
        0,
        0,
        0.9789284886723205,
        0.20420336448189633,
        0,
        0,
        -0.20420336448189633,
        0.9789284886723205,
        0,
        -1.3322676295501878e-15,
        -34.319604232993285,
        -3.1494819783349524,
        1
      ],
      "name": "Cylinder 3",
      "mesh": 2
    },
    {
      "matrix": [
        0.9613797532675037,
        -0.2728926136089356,
        -0.035757397066873815,
        0,
        0.27522530771590353,
        0.9532315022813679,
        0.12490289448644681,
        0,
        5.14346450306944e-17,
        -0.1299204544946274,
        0.9915244200239896,
        0,
        1.0658141036401506e-14,
        4.618527782440651e-14,
        6.661338147750942e-15,
        1
      ],
      "name": "Cylinder 4",
      "mesh": 3
    },
    {
      "matrix": [
        -1,
        0,
        0,
        0,
        0,
        1,
        0,
        0,
        0,
        0,
        1,
        0,
        20.598127175999927,
        -5.684341886080802e-14,
        -7.105427357601002e-15,
        1
      ],
      "name": "Group 2",
      "children": [
        7
      ]
    },
    {
      "matrix": [
        0.9613797532675037,
        -0.2728926136089356,
        -0.035757397066873815,
        0,
        0.27522530771590353,
        0.9532315022813679,
        0.12490289448644681,
        0,
        5.14346450306944e-17,
        -0.1299204544946274,
        0.9915244200239896,
        0,
        1.0658141036401506e-14,
        4.618527782440651e-14,
        6.661338147750942e-15,
        1
      ],
      "name": "Cylinder 4",
      "mesh": 4
    },
    {
      "matrix": [
        1,
        0,
        0,
        0,
        0,
        1,
        0,
        0,
        0,
        0,
        1,
        0,
        -20.59812717599992,
        -5.684341886080802e-14,
        -7.105427357601002e-15,
        1
      ],
      "name": "Group",
      "children": [
        9
      ]
    },
    {
      "matrix": [
        1,
        0,
        0,
        0,
        0,
        0.909314533491799,
        0.4161094557692626,
        0,
        0,
        -0.4161094557692626,
        0.909314533491799,
        0,
        0.0018728240000744911,
        -9.407778700084396,
        -0.6459723641083484,
        1
      ],
      "name": "Group 3",
      "children": [
        8,
        10
      ]
    },
    {
      "matrix": [
        1,
        0,
        0,
        0,
        0,
        0.9915244200239898,
        0.12992045449462736,
        0,
        0,
        -0.12992045449462736,
        0.9915244200239898,
        0,
        0,
        12.02639198243071,
        4.4117487986461175,
        1
      ],
      "name": "Cylinder",
      "mesh": 5
    },
    {
      "matrix": [
        0.9902680687415704,
        0.13917310096006544,
        0,
        0,
        -0.13917310096006544,
        0.9902680687415704,
        0,
        0,
        0,
        0,
        1,
        0,
        11,
        0,
        0,
        1
      ],
      "mesh": 1
    },
    {
      "matrix": [
        0.8575973040867547,
        0.13917310096006544,
        0.49513403437078507,
        0,
        -0.12052744095487312,
        0.9902680687415704,
        -0.06958655048003272,
        0,
        -0.4999999999999999,
        0,
        0.8660254037844387,
        0,
        9.526279441628827,
        0,
        5.499999999999999,
        1
      ],
      "mesh": 1
    },
    {
      "matrix": [
        0.4951340343707853,
        0.13917310096006544,
        0.8575973040867545,
        0,
        -0.06958655048003273,
        0.9902680687415704,
        -0.12052744095487311,
        0,
        -0.8660254037844385,
        -6.938893903907228e-18,
        0.5000000000000002,
        0,
        5.500000000000003,
        0,
        9.526279441628825,
        1
      ],
      "mesh": 1
    },
    {
      "matrix": [
        2.220446049250313e-16,
        0.13917310096006547,
        0.9902680687415704,
        0,
        -1.3877787807814457e-17,
        0.9902680687415704,
        -0.13917310096006547,
        0,
        -1,
        1.3877787807814457e-17,
        2.220446049250313e-16,
        0,
        2.4424906541753444e-15,
        0,
        11,
        1
      ],
      "mesh": 1
    },
    {
      "matrix": [
        -0.49513403437078485,
        0.13917310096006544,
        0.8575973040867547,
        0,
        0.06958655048003268,
        0.9902680687415704,
        -0.12052744095487314,
        0,
        -0.8660254037844387,
        0,
        -0.49999999999999956,
        0,
        -5.499999999999997,
        0,
        9.526279441628827,
        1
      ],
      "mesh": 1
    },
    {
      "matrix": [
        -0.8575973040867542,
        0.13917310096006544,
        0.49513403437078546,
        0,
        0.12052744095487308,
        0.9902680687415704,
        -0.06958655048003276,
        0,
        -0.5000000000000003,
        0,
        -0.8660254037844382,
        0,
        -9.526279441628823,
        0,
        5.5000000000000036,
        1
      ],
      "mesh": 1
    },
    {
      "matrix": [
        -0.9902680687415701,
        0.13917310096006544,
        1.2127286206821952e-16,
        0,
        0.13917310096006544,
        0.9902680687415704,
        -1.7043789261815557e-17,
        0,
        -1.224646799147353e-16,
        0,
        -0.9999999999999998,
        0,
        -11,
        0,
        1.3471114790620886e-15,
        1
      ],
      "mesh": 1
    },
    {
      "matrix": [
        -0.8575973040867546,
        0.13917310096006544,
        -0.4951340343707849,
        0,
        0.12052744095487314,
        0.9902680687415704,
        0.06958655048003268,
        0,
        0.4999999999999997,
        -6.938893903907228e-18,
        -0.8660254037844386,
        0,
        -9.526279441628827,
        0,
        -5.499999999999997,
        1
      ],
      "mesh": 1
    },
    {
      "matrix": [
        -0.49513403437078507,
        0.1391731009600654,
        -0.8575973040867543,
        0,
        0.06958655048003276,
        0.9902680687415704,
        0.12052744095487307,
        0,
        0.8660254037844383,
        0,
        -0.4999999999999998,
        0,
        -5.5000000000000036,
        0,
        -9.526279441628823,
        1
      ],
      "mesh": 1
    },
    {
      "matrix": [
        -2.220446049250313e-16,
        0.13917310096006547,
        -0.9902680687415704,
        0,
        1.3877787807814457e-17,
        0.9902680687415704,
        0.13917310096006547,
        0,
        1,
        1.3877787807814457e-17,
        -2.220446049250313e-16,
        0,
        -2.4424906541753444e-15,
        0,
        -11,
        1
      ],
      "mesh": 1
    },
    {
      "matrix": [
        0.4951340343707845,
        0.13917310096006544,
        -0.8575973040867549,
        0,
        -0.06958655048003262,
        0.9902680687415704,
        0.12052744095487317,
        0,
        0.8660254037844389,
        6.938893903907228e-18,
        0.49999999999999933,
        0,
        5.499999999999993,
        0,
        -9.52627944162883,
        1
      ],
      "mesh": 1
    },
    {
      "matrix": [
        0.8575973040867544,
        0.13917310096006544,
        -0.49513403437078557,
        0,
        -0.12052744095487308,
        0.9902680687415704,
        0.06958655048003277,
        0,
        0.5000000000000004,
        0,
        0.8660254037844384,
        0,
        9.526279441628823,
        0,
        -5.500000000000005,
        1
      ],
      "mesh": 1
    },
    {
      "matrix": [
        1.25,
        0,
        0,
        0,
        0,
        1.2406826895516525,
        0.1523366792564344,
        0,
        0,
        -0.1523366792564344,
        1.2406826895516525,
        0,
        -8.881784197001252e-16,
        -13.239626152569823,
        -0.34720491085747096,
        1
      ],
      "children": [
        13,
        14,
        15,
        16,
        17,
        18,
        19,
        20,
        21,
        22,
        23,
        24
      ]
    },
    {
      "matrix": [
        1,
        0,
        0,
        0,
        0,
        1,
        0,
        0,
        0,
        0,
        1,
        0,
        0.18402451372125528,
        189.77168096307253,
        5.252044138080894,
        1
      ],
      "name": "Neck",
      "children": [
        5,
        6,
        11,
        12,
        25
      ]
    },
    {
      "matrix": [
        0.0281034344734977,
        -0.337547392909419,
        -0.9408889172005632,
        0,
        -0.012029264159590587,
        0.9410783351877755,
        -0.33797464970613345,
        0,
        0.9995326376735144,
        0.020816449751556467,
        0.022387086571689675,
        0,
        1.6280324646760107,
        -2.9341089430829466,
        1.6927166792428512,
        1
      ],
      "name": "Rectangle 3",
      "mesh": 6
    },
    {
      "matrix": [
        0.9979802848226665,
        0.021085536581074295,
        0.05992287753736199,
        0,
        -0.06350708956648156,
        0.35319608819028536,
        0.9333913288979475,
        0,
        -0.0014834689293667157,
        -0.9353116718154257,
        0.35382181375060434,
        0,
        0.01928509608174629,
        22.109769998085586,
        -8.15322381979438,
        0.9999999999999998
      ],
      "name": "Ellipse 3",
      "mesh": 7
    },
    {
      "matrix": [
        1,
        0,
        0,
        0,
        0,
        0.9480017501608691,
        0.31826511227581633,
        0,
        0,
        -0.31826511227581633,
        0.9480017501608691,
        0,
        -0.7457776255318578,
        -0.01551768746928417,
        -0.3939038251763751,
        1
      ],
      "name": "Group",
      "children": [
        27,
        28
      ]
    },
    {
      "matrix": [
        0.6503597284817302,
        -0.5856591117272921,
        -1.0927193731329108,
        0,
        -0.5112018356553084,
        -1.2508417660111724,
        0.3661523721412864,
        0,
        1.1294710739066427,
        -0.2289067086235108,
        0.794919374499912,
        0,
        -9.43452448171559,
        -91.20425750653186,
        36.55016356240184,
        1
      ],
      "name": "Hand",
      "mesh": 8
    },
    {
      "matrix": [
        0.032125156097699475,
        -0.34163771500573736,
        -0.9392825166217864,
        0,
        -0.013636319730275966,
        0.9395302895950919,
        -0.3421942222153612,
        0,
        0.9993908270190958,
        0.023801399518112314,
        0.02552387609802012,
        0,
        -7.607972750369918,
        -0.806284607388946,
        -0.8939918590899865,
        0.9999999999999999
      ],
      "name": "Ellipse 5",
      "mesh": 9
    },
    {
      "matrix": [
        0.0281034344734977,
        -0.337547392909419,
        -0.9408889172005632,
        0,
        -0.012029264159590587,
        0.9410783351877755,
        -0.33797464970613345,
        0,
        0.9995326376735144,
        0.020816449751556467,
        0.022387086571689675,
        0,
        -4.097561813137416,
        -8.118755921700838,
        1.6652266254222532,
        1
      ],
      "name": "Rectangle 4",
      "mesh": 10
    },
    {
      "matrix": [
        0.9979802848226665,
        0.021085536581074295,
        0.05992287753736199,
        0,
        -0.06350708956648156,
        0.35319608819028536,
        0.9333913288979475,
        0,
        -0.0014834689293667157,
        -0.9353116718154257,
        0.35382181375060434,
        0,
        3.9880176123866558,
        -14.413379098995648,
        4.283464513648566,
        0.9999999999999998
      ],
      "name": "Ellipse 4",
      "mesh": 11
    },
    {
      "matrix": [
        0.020376115196826784,
        -0.43286935094606327,
        -0.9012263527777137,
        0,
        0.16026590563592794,
        0.891171010417543,
        -0.4244161515329877,
        0,
        0.9868635434649419,
        -0.13578790521585377,
        0.0875328017197474,
        0,
        -0.42306123886123315,
        -62.578566870184545,
        23.35669584257788,
        0.9999999999999998
      ],
      "name": "Cube 3",
      "mesh": 12
    },
    {
      "matrix": [
        1,
        0,
        0,
        0,
        0,
        0.9480017501608691,
        0.31826511227581633,
        0,
        0,
        -0.31826511227581633,
        0.9480017501608691,
        0,
        -4.789965853148871,
        -12.261408712024796,
        1.3600962578020575,
        1
      ],
      "name": "forearm",
      "children": [
        30,
        31,
        32,
        33,
        34
      ]
    },
    {
      "matrix": [
        0.9899348570211371,
        -2.062978652970974e-31,
        0.1415237748740022,
        0,
        1.244052996488121e-31,
        1.000000000000024,
        0,
        0,
        -0.14152377487400575,
        2.9492902930148045e-32,
        0.9899348570211138,
        0,
        20.541998117270957,
        -85.63230432822445,
        2.6570580654614564,
        1
      ],
      "name": "elbow",
      "children": [
        29,
        35
      ]
    },
    {
      "matrix": [
        0.9330221017747459,
        0.35981906230755045,
        0,
        0,
        -0.35981906230755045,
        0.9330221017747459,
        0,
        0,
        -1.3312027775604728e-30,
        1.3742392837600393e-61,
        1,
        0,
        23.344579683000127,
        -26.18997950037449,
        -4.771456637735753,
        1
      ],
      "name": "Cube 2",
      "mesh": 13
    },
    {
      "matrix": [
        1,
        0,
        0,
        0,
        0,
        1,
        0,
        0,
        0,
        0,
        1,
        0,
        24.87344578224604,
        7.425944794489396,
        2.2024310100303284,
        1
      ],
      "name": "arm",
      "children": [
        36,
        37
      ]
    },
    {
      "matrix": [
        2.498001805406602e-16,
        -2.5673907444456745e-16,
        0.9999999999999998,
        0,
        0.10452846326765342,
        -0.9945218953682731,
        -1.8475298363395676e-16,
        0,
        0.9945218953682732,
        0.10452846326765336,
        2.1801032335871015e-17,
        0,
        15.04209735201097,
        1.4373128278755871,
        -2.583164661040186,
        1
      ],
      "name": "Ellipse 6",
      "mesh": 14
    },
    {
      "matrix": [
        2.498001805406602e-16,
        -2.5673907444456745e-16,
        0.9999999999999998,
        0,
        0.10452846326765342,
        -0.9945218953682731,
        -1.8475298363395676e-16,
        0,
        0.9945218953682732,
        0.10452846326765336,
        2.1801032335871015e-17,
        0,
        13.387598420200849,
        1.26341798289981,
        -2.583164661040186,
        1
      ],
      "name": "Ellipse 2",
      "mesh": 15
    },
    {
      "matrix": [
        -0.9936701814620863,
        -0.11233686159539898,
        0,
        0,
        0.11233686159539898,
        -0.9936701814620863,
        0,
        0,
        0,
        0,
        1,
        0,
        3.2720143512876163,
        -0.38694092385749457,
        -7.253705018224782,
        1
      ],
      "name": "Rectangle 2",
      "mesh": 16
    },
    {
      "matrix": [
        0.9963053534756637,
        0.08588156167497801,
        -5.5306057149299356e-17,
        0,
        -0.08588156167497815,
        0.9963053534756634,
        4.7673843581163115e-18,
        0,
        -5.551115123125783e-17,
        -5.551115123125783e-17,
        0.9999999999999999,
        0,
        -40.58818897904849,
        98.3052205379172,
        -3.4707099865431514,
        1
      ],
      "name": "Hand LEFT",
      "children": [
        38,
        39,
        40,
        41
      ]
    },
    {
      "matrix": [
        -1,
        0,
        0,
        0,
        0,
        1,
        0,
        0,
        0,
        0,
        1,
        0,
        -112.74,
        26.226165717702088,
        1.7110378930679988,
        1
      ],
      "name": "Hand Instance",
      "children": [
        42
      ]
    },
    {
      "matrix": [
        0.0281034344734977,
        -0.337547392909419,
        -0.9408889172005632,
        0,
        -0.012029264159590587,
        0.9410783351877755,
        -0.33797464970613345,
        0,
        0.9995326376735144,
        0.020816449751556467,
        0.022387086571689675,
        0,
        1.6280324646760107,
        -2.9341089430829466,
        1.6927166792428512,
        1
      ],
      "name": "Rectangle 3",
      "mesh": 6
    },
    {
      "matrix": [
        0.9979802848226665,
        0.021085536581074295,
        0.05992287753736199,
        0,
        -0.06350708956648156,
        0.35319608819028536,
        0.9333913288979475,
        0,
        -0.0014834689293667157,
        -0.9353116718154257,
        0.35382181375060434,
        0,
        0.01928509608174629,
        22.109769998085586,
        -8.15322381979438,
        0.9999999999999998
      ],
      "name": "Ellipse 3",
      "mesh": 7
    },
    {
      "matrix": [
        1,
        0,
        0,
        0,
        0,
        0.9480017501608691,
        0.31826511227581633,
        0,
        0,
        -0.31826511227581633,
        0.9480017501608691,
        0,
        -0.7457776255318578,
        -0.01551768746928417,
        -0.3939038251763751,
        1
      ],
      "name": "Group",
      "children": [
        44,
        45
      ]
    },
    {
      "matrix": [
        0.6503597284817302,
        -0.5856591117272921,
        -1.0927193731329108,
        0,
        -0.5112018356553084,
        -1.2508417660111724,
        0.3661523721412864,
        0,
        1.1294710739066427,
        -0.2289067086235108,
        0.794919374499912,
        0,
        -9.43452448171559,
        -91.20425750653186,
        36.55016356240184,
        1
      ],
      "name": "Hand",
      "mesh": 8
    },
    {
      "matrix": [
        0.032125156097699475,
        -0.34163771500573736,
        -0.9392825166217864,
        0,
        -0.013636319730275966,
        0.9395302895950919,
        -0.3421942222153612,
        0,
        0.9993908270190958,
        0.023801399518112314,
        0.02552387609802012,
        0,
        -7.607972750369918,
        -0.806284607388946,
        -0.8939918590899865,
        0.9999999999999999
      ],
      "name": "Ellipse 5",
      "mesh": 9
    },
    {
      "matrix": [
        0.0281034344734977,
        -0.337547392909419,
        -0.9408889172005632,
        0,
        -0.012029264159590587,
        0.9410783351877755,
        -0.33797464970613345,
        0,
        0.9995326376735144,
        0.020816449751556467,
        0.022387086571689675,
        0,
        -4.097561813137416,
        -8.118755921700838,
        1.6652266254222532,
        1
      ],
      "name": "Rectangle 4",
      "mesh": 10
    },
    {
      "matrix": [
        0.9979802848226665,
        0.021085536581074295,
        0.05992287753736199,
        0,
        -0.06350708956648156,
        0.35319608819028536,
        0.9333913288979475,
        0,
        -0.0014834689293667157,
        -0.9353116718154257,
        0.35382181375060434,
        0,
        3.9880176123866558,
        -14.413379098995648,
        4.283464513648566,
        0.9999999999999998
      ],
      "name": "Ellipse 4",
      "mesh": 11
    },
    {
      "matrix": [
        0.020376115196826784,
        -0.43286935094606327,
        -0.9012263527777137,
        0,
        0.16026590563592794,
        0.891171010417543,
        -0.4244161515329877,
        0,
        0.9868635434649419,
        -0.13578790521585377,
        0.0875328017197474,
        0,
        -0.42306123886123315,
        -62.578566870184545,
        23.35669584257788,
        0.9999999999999998
      ],
      "name": "Cube 3",
      "mesh": 12
    },
    {
      "matrix": [
        1,
        0,
        0,
        0,
        0,
        0.9480017501608691,
        0.31826511227581633,
        0,
        0,
        -0.31826511227581633,
        0.9480017501608691,
        0,
        -4.789965853148871,
        -12.261408712024796,
        1.3600962578020575,
        1
      ],
      "name": "forearm",
      "children": [
        47,
        48,
        49,
        50,
        51
      ]
    },
    {
      "matrix": [
        0.9899348570211371,
        -2.062978652970974e-31,
        0.1415237748740022,
        0,
        1.244052996488121e-31,
        1.000000000000024,
        0,
        0,
        -0.14152377487400575,
        2.9492902930148045e-32,
        0.9899348570211138,
        0,
        20.541998117270957,
        -85.63230432822445,
        2.6570580654614564,
        1
      ],
      "name": "elbow",
      "children": [
        46,
        52
      ]
    },
    {
      "matrix": [
        0.9330221017747459,
        0.35981906230755045,
        0,
        0,
        -0.35981906230755045,
        0.9330221017747459,
        0,
        0,
        -1.3312027775604728e-30,
        1.3742392837600393e-61,
        1,
        0,
        23.344579683000127,
        -26.18997950037449,
        -4.771456637735753,
        1
      ],
      "name": "Cube 2",
      "mesh": 13
    },
    {
      "matrix": [
        1,
        0,
        0,
        0,
        0,
        1,
        0,
        0,
        0,
        0,
        1,
        0,
        24.87344578224604,
        7.425944794489396,
        2.2024310100303284,
        1
      ],
      "name": "arm",
      "children": [
        53,
        54
      ]
    },
    {
      "matrix": [
        2.498001805406602e-16,
        -2.5673907444456745e-16,
        0.9999999999999998,
        0,
        0.10452846326765342,
        -0.9945218953682731,
        -1.8475298363395676e-16,
        0,
        0.9945218953682732,
        0.10452846326765336,
        2.1801032335871015e-17,
        0,
        15.04209735201097,
        1.4373128278755871,
        -2.583164661040186,
        1
      ],
      "name": "Ellipse 6",
      "mesh": 14
    },
    {
      "matrix": [
        2.498001805406602e-16,
        -2.5673907444456745e-16,
        0.9999999999999998,
        0,
        0.10452846326765342,
        -0.9945218953682731,
        -1.8475298363395676e-16,
        0,
        0.9945218953682732,
        0.10452846326765336,
        2.1801032335871015e-17,
        0,
        13.387598420200849,
        1.26341798289981,
        -2.583164661040186,
        1
      ],
      "name": "Ellipse 2",
      "mesh": 15
    },
    {
      "matrix": [
        -0.9936701814620863,
        -0.11233686159539898,
        0,
        0,
        0.11233686159539898,
        -0.9936701814620863,
        0,
        0,
        0,
        0,
        1,
        0,
        3.2720143512876163,
        -0.38694092385749457,
        -7.253705018224782,
        1
      ],
      "name": "Rectangle 2",
      "mesh": 16
    },
    {
      "matrix": [
        0.9963053534756637,
        0.08588156167497801,
        -5.5306057149299356e-17,
        0,
        -0.08588156167497815,
        0.9963053534756634,
        4.7673843581163115e-18,
        0,
        -5.551115123125783e-17,
        -5.551115123125783e-17,
        0.9999999999999999,
        0,
        -40.58818897904849,
        98.3052205379172,
        -3.4707099865431514,
        1
      ],
      "name": "Hand LEFT",
      "children": [
        55,
        56,
        57,
        58
      ]
    },
    {
      "matrix": [
        1,
        0,
        0,
        0,
        0,
        1,
        0,
        0,
        0,
        0,
        1,
        0,
        112.73803573880966,
        26.226165717702088,
        1.7110378930679988,
        1
      ],
      "name": "Hand",
      "children": [
        59
      ]
    },
    {
      "matrix": [
        1.25,
        0,
        0,
        0,
        0,
        1.25,
        0,
        0,
        0,
        0,
        1.25,
        0,
        -0.30087354414621936,
        245.40302774430575,
        59.39970987636406,
        1
      ],
      "name": "logo open.png",
      "mesh": 18
    },
    {
      "matrix": [
        0.9945218953682735,
        0.10452846326765351,
        0,
        0,
        -0.10452846326765351,
        0.9945218953682735,
        0,
        0,
        1.8488927466117464e-32,
        0,
        1,
        0,
        3.5831210999196226,
        0.5847682575633826,
        -10.710316092212938,
        1
      ],
      "name": "Ellipse",
      "mesh": 19
    },
    {
      "matrix": [
        0.9936701814620869,
        0.11233686159539925,
        0,
        0,
        -0.11233686159539925,
        0.9936701814620869,
        0,
        0,
        1.8488927466117464e-32,
        0,
        1,
        0,
        1.3322676295501877e-14,
        -2.864375403532903e-14,
        -0.7405524688840233,
        1
      ],
      "name": "Rectangle",
      "mesh": 20
    },
    {
      "matrix": [
        -0.9956022246862911,
        0.09368142932143786,
        5.526702566073744e-17,
        0,
        0.09368142932143782,
        0.9956022246862916,
        -5.200363990622726e-18,
        0,
        -5.551115123125784e-17,
        -5.551115123125784e-17,
        0.9999999999999999,
        0,
        -67.8396541617366,
        234.7568134770366,
        -10.055410555259742,
        1
      ],
      "name": "Group",
      "children": [
        62,
        63
      ]
    },
    {
      "matrix": [
        0.9945218953682733,
        0.10452846326765348,
        0,
        0,
        -0.10452846326765348,
        0.9945218953682733,
        0,
        0,
        0,
        0,
        1,
        0,
        3.5831210999195804,
        0.584768257563354,
        -10.710316092212931,
        1
      ],
      "name": "Ellipse",
      "mesh": 21
    },
    {
      "matrix": [
        0.9936701814620866,
        0.11233686159539923,
        0,
        0,
        -0.11233686159539923,
        0.9936701814620866,
        0,
        0,
        0,
        0,
        1,
        0,
        -2.842170943040401e-14,
        -5.684341886080802e-14,
        -0.7405524688840153,
        1
      ],
      "name": "Rectangle",
      "mesh": 22
    },
    {
      "matrix": [
        0.9963053534756637,
        0.08588156167497799,
        -5.5306057149299356e-17,
        0,
        -0.08588156167497812,
        0.9963053534756634,
        4.76738435811631e-18,
        0,
        -5.551115123125783e-17,
        -5.551115123125783e-17,
        0.9999999999999999,
        0,
        67.82281309732741,
        234.78921009754143,
        -10.055410555259751,
        1
      ],
      "name": "Group",
      "children": [
        65,
        66
      ]
    },
    {
      "matrix": [
        1,
        0,
        0,
        0,
        0,
        1,
        0,
        0,
        0,
        0,
        1,
        0,
        0.18402451372125528,
        -111.85858527968506,
        10.70112716517381,
        1
      ],
      "name": "Body",
      "mesh": 17,
      "children": [
        61,
        64,
        67
      ]
    },
    {
      "matrix": [
        1,
        0,
        0,
        0,
        0,
        1,
        0,
        0,
        0,
        0,
        1,
        0,
        -0.18402451372128148,
        58.94694970044796,
        2.0353421220995997,
        1
      ],
      "name": "Top part",
      "children": [
        4,
        26,
        43,
        60,
        68
      ]
    },
    {
      "matrix": [
        0.9613797532675037,
        -0.2728926136089356,
        -0.035757397066873815,
        0,
        0.27522530771590353,
        0.9532315022813679,
        0.12490289448644681,
        0,
        5.14346450306944e-17,
        -0.1299204544946274,
        0.9915244200239896,
        0,
        1.0658141036401506e-14,
        4.618527782440651e-14,
        6.661338147750942e-15,
        1
      ],
      "name": "Cylinder 4",
      "mesh": 23
    },
    {
      "matrix": [
        -1,
        0,
        0,
        0,
        0,
        1,
        0,
        0,
        0,
        0,
        1,
        0,
        20.598127175999927,
        -5.684341886080802e-14,
        -7.105427357601002e-15,
        1
      ],
      "name": "Group 2",
      "children": [
        70
      ]
    },
    {
      "matrix": [
        0.9613797532675037,
        -0.2728926136089356,
        -0.035757397066873815,
        0,
        0.27522530771590353,
        0.9532315022813679,
        0.12490289448644681,
        0,
        5.14346450306944e-17,
        -0.1299204544946274,
        0.9915244200239896,
        0,
        1.0658141036401506e-14,
        4.618527782440651e-14,
        6.661338147750942e-15,
        1
      ],
      "name": "Cylinder 4",
      "mesh": 23
    },
    {
      "matrix": [
        1,
        0,
        0,
        0,
        0,
        1,
        0,
        0,
        0,
        0,
        1,
        0,
        -20.59812717599992,
        -5.684341886080802e-14,
        -7.105427357601002e-15,
        1
      ],
      "name": "Group",
      "children": [
        72
      ]
    },
    {
      "matrix": [
        1,
        0,
        0,
        0,
        0,
        1,
        0,
        0,
        0,
        0,
        1,
        0,
        -1.3675080788431462,
        43.10206691695237,
        4.056481663113866,
        1
      ],
      "name": "Group 4",
      "children": [
        71,
        73
      ]
    },
    {
      "matrix": [
        -0.9999999999999998,
        -5.84533348502015e-17,
        9.941636816217656e-19,
        0,
        1.6685760486560778e-16,
        -1.6653345369377348e-16,
        -1.0000000000000004,
        0,
        -7.769424088890723e-17,
        -0.9999999999999998,
        2.2204460492503136e-16,
        0,
        -0.6958580017089946,
        -51.54105817568724,
        -1.795629096498879,
        0.9999999999999998
      ],
      "name": "Cube 3",
      "mesh": 24
    },
    {
      "matrix": [
        2.9802322387695306e-8,
        -0.9999999999999994,
        -2.2204460575221187e-16,
        0,
        2.7836631583736896e-17,
        2.5052968425363183e-16,
        -1.0029203490221372,
        0,
        0.9999999999999996,
        2.9802322498717615e-8,
        8.326672850124798e-17,
        0,
        -2.5434379873839976,
        -2.1307805815570617,
        -2.2554060142457306,
        1
      ],
      "name": "Rectangle 9",
      "mesh": 25
    },
    {
      "matrix": [
        2.9802322387695306e-8,
        -0.9999999999999994,
        -2.2204460575221187e-16,
        0,
        2.7836631583736896e-17,
        2.5052968425363183e-16,
        -1.0029203490221372,
        0,
        0.9999999999999996,
        2.9802322498717615e-8,
        8.326672850124798e-17,
        0,
        -9.695649152797012,
        -92.90499226871455,
        -2.2554060142457444,
        1
      ],
      "name": "Rectangle 10",
      "mesh": 26
    },
    {
      "matrix": [
        0.9901647830327872,
        -0.0012770798402871387,
        0.13990021983085915,
        0,
        0,
        0.9999583378030293,
        0.009128124572493339,
        0,
        -0.13990604862421288,
        -0.009038347486819054,
        0.9901235305925555,
        0,
        1.3137997777658372,
        -9.356307807138478,
        18.23620636867509,
        1
      ],
      "name": "Cube 5",
      "mesh": 27
    },
    {
      "matrix": [
        1,
        0,
        0,
        0,
        0,
        1,
        0,
        0,
        0,
        0,
        1,
        0,
        -9.947598300641403e-14,
        -160.38990082491478,
        -18.689457072899348,
        1
      ],
      "name": "Foot",
      "children": [
        78
      ]
    },
    {
      "matrix": [
        -1,
        1.14335089500382e-16,
        1.4336002641285787e-16,
        0,
        -3.8868841522102805e-17,
        -0.12236936745914098,
        -0.9924846285498121,
        0,
        -8.103042102355133e-17,
        -0.9924846285498119,
        0.12236936745914112,
        0,
        2.8057712907898664,
        -61.16256599727568,
        -29.886513197621063,
        1
      ],
      "name": "Ellipse 5",
      "mesh": 28
    },
    {
      "matrix": [
        -0.9999999999999998,
        -5.845997440578268e-17,
        4.605529403885874e-19,
        0,
        1.6685760486560778e-16,
        0.009128124572493207,
        -0.9999583378030298,
        0,
        -7.769424088890723e-17,
        -0.9999583378030291,
        -0.009128124572493113,
        0,
        1.2620804986499525,
        -76.58561058024276,
        0.2763085358278592,
        0.9999999999999998
      ],
      "name": "Cube 4",
      "mesh": 29
    },
    {
      "matrix": [
        -0.9999999999999998,
        -5.845997440578268e-17,
        4.605529403885874e-19,
        0,
        1.6685760486560778e-16,
        0.009128124572493207,
        -0.9999583378030298,
        0,
        -7.769424088890723e-17,
        -0.9999583378030291,
        -0.009128124572493113,
        0,
        1.3137998075680661,
        -12.665917382980737,
        0.8597997674946387,
        0.9999999999999998
      ],
      "name": "Ellipse 4",
      "mesh": 30
    },
    {
      "matrix": [
        2.9802322387695306e-8,
        -0.9999583378030288,
        -0.009128124572493556,
        0,
        2.7836631583736896e-17,
        0.009154781882162843,
        -1.0028785651570105,
        0,
        0.9999999999999996,
        2.980108086772742e-8,
        2.7203939558117474e-10,
        0,
        7.775672407611428,
        -10.931322347827404,
        0.5531257456093792,
        1
      ],
      "name": "Rectangle 12",
      "mesh": 31
    },
    {
      "matrix": [
        2.9802322387695306e-8,
        -0.9999583378030288,
        -0.009128124572493556,
        0,
        2.7836631583736896e-17,
        0.009154781882162843,
        -1.0028785651570105,
        0,
        0.9999999999999996,
        2.980108086772742e-8,
        2.7203939558117474e-10,
        0,
        -18.023087302748344,
        -10.931323116658334,
        0.5531257385910977,
        1
      ],
      "name": "Rectangle 11",
      "mesh": 32
    },
    {
      "matrix": [
        1,
        0,
        0,
        0,
        0,
        0.9899579135883201,
        -0.1413624042093946,
        0,
        0,
        0.1413624042093946,
        0.9899579135883201,
        0,
        -2.5742319983849526,
        -114.51195750379661,
        -2.908291187554402,
        1
      ],
      "name": "shin",
      "children": [
        79,
        80,
        81,
        82,
        83,
        84
      ]
    },
    {
      "matrix": [
        1,
        0,
        0,
        0,
        0,
        1,
        0,
        0,
        0,
        0,
        1,
        0,
        2.5742319983849526,
        -66.66871029823258,
        0.6338986828851247,
        1
      ],
      "name": "femur",
      "children": [
        75,
        76,
        77,
        85
      ]
    },
    {
      "matrix": [
        1,
        0,
        0,
        0,
        0,
        2.220446049250313e-16,
        1,
        0,
        0,
        -1,
        2.220446049250313e-16,
        0,
        1.2764188048969913,
        -29.42301623284169,
        -1.2758511978805913,
        1
      ],
      "name": "Ellipse 3",
      "mesh": 33
    },
    {
      "matrix": [
        1,
        0,
        0,
        0,
        0,
        2.220446049250313e-16,
        1,
        0,
        0,
        -1,
        2.220446049250313e-16,
        0,
        1.2764188048969913,
        -23.291246721727447,
        -1.2758511978805913,
        1
      ],
      "name": "Ellipse 2",
      "mesh": 34
    },
    {
      "matrix": [
        2.9802322498717615e-8,
        -0.9999999999999994,
        -1.6653345369377346e-16,
        0,
        2.783663158373688e-17,
        2.5052968425363183e-16,
        -1.0029203490221372,
        0,
        0.9999999999999996,
        2.980232244320646e-8,
        1.1102230246251564e-16,
        0,
        -11.820034454361675,
        -51.34258162611984,
        -1.621507331360605,
        1
      ],
      "name": "Rectangle 8",
      "mesh": 35
    },
    {
      "matrix": [
        1.6653345369377343e-16,
        0.9999999999999998,
        -9.714451465470112e-17,
        0,
        -2.7836631583736896e-17,
        3.0620294742110566e-16,
        1.0029203490221372,
        0,
        1,
        -2.220446049250313e-16,
        -5.551115123125786e-17,
        0,
        -2.6796104593564762,
        -9.70855375230633,
        0.02549325905028299,
        0.9999999999999998
      ],
      "name": "Rectangle 7",
      "mesh": 36
    },
    {
      "matrix": [
        -0.9456522883866337,
        0.04138852990099937,
        -0.32253486487782534,
        0,
        0,
        0.9918669548473594,
        0.1272790001603808,
        0,
        -0.32517956496238043,
        -0.12036167776522681,
        0.9379612556264874,
        0,
        -49.099999999999994,
        2.7801470985588708,
        23.60193082290462,
        1
      ],
      "name": "Leg Left Instance",
      "children": [
        86,
        87,
        88,
        89,
        90
      ]
    },
    {
      "matrix": [
        -0.9999999999999998,
        -5.84533348502015e-17,
        9.941636816217656e-19,
        0,
        1.6685760486560778e-16,
        -1.6653345369377348e-16,
        -1.0000000000000004,
        0,
        -7.769424088890723e-17,
        -0.9999999999999998,
        2.2204460492503136e-16,
        0,
        -0.6958580017089946,
        -51.54105817568724,
